ব্রাউনিং
পোপ
Thomas De Quincey
T.S.Eliot
জন ডান
আন্ড্রিউ মারভেল
জন মিল্টন
আলেকজান্ডার পোপ
033
034
035
036
037
038
039
040
041
042
043
044
045
046
047
048
049
050
051
052
053
054
055
056
057
058
059
060
061
062
063
064
065
066
067
068
069
070
071
072
073
074
075
076
077
078
079
080
081
082
083
084
085
086
087
088
089
090
091
092
093
094
095
096
097
098
099
100
101
102
103
134
204
205
206
207
208
209
210
211
212
213
214
215
216

218
219
220
221
222
223

225

249
250
251
252
253
254
255
256
257
258
259
260
261
262
263
264
265
266
267
268
269
270
271
272
273
274
275
276
277
278
279
280
281
282
283
284
285
286
287
288
289
290
291
Special
